1920 1080
40 1
4.27 1.09 -74.57 0.18 0.29 0.01 0.25 0.72
-4.97 -1.41 -37.79 1.15 0.23 0.49 0.66 0.19
6.53 2.50 -79.07 0.38 0.76 0.54 0.47 0.33
6.25 -0.76 -73.12 2.24 0.57 0.92 0.17 0.09
9.64 -0.67 -39.95 2.72 0.78 0.47 0.22 0.98
-9.19 2.52 -47.85 1.14 0.25 0.77 0.98 0.86
-3.29 1.17 -56.67 1.89 0.05 0.23 0.76 0.14
-4.39 -2.34 -93.29 0.72 0.61 0.91 0.72 0.50
9.85 -1.63 -86.55 1.49 0.68 0.50 0.18 0.84
2.40 -4.58 -64.51 2.79 0.63 0.12 0.82 0.55
9.54 -1.78 -74.66 2.54 0.63 0.90 0.79 0.45
-7.16 -3.86 -62.40 1.10 0.33 0.92 0.67 0.02
-5.04 -4.22 -20.44 1.73 0.27 0.31 0.26 0.33
7.44 1.15 -92.59 0.91 0.87 0.71 0.02 0.09
4.56 0.44 -28.55 0.31 0.28 0.75 0.16 0.48
-4.99 2.15 -29.06 0.09 0.73 0.73 0.45 0.40
5.89 2.18 -72.64 2.61 0.81 0.33 0.48 0.90
-1.64 0.36 -25.35 0.85 0.45 0.22 0.29 0.58
2.49 -2.91 -55.45 2.78 0.60 0.47 0.24 0.24
-2.33 -4.60 -55.99 2.09 0.46 0.61 0.75 0.96
3.95 -0.97 -47.26 2.82 0.06 0.75 0.69 0.28
5.46 -4.43 -26.43 2.61 0.21 0.31 0.81 0.95
-6.06 -0.88 -86.30 0.89 0.96 0.22 0.42 0.46
-1.84 3.67 -40.05 1.63 0.32 0.38 0.93 0.37
-9.03 -0.87 -67.08 1.70 0.71 0.10 0.71 0.23
2.90 -2.72 -20.26 1.36 0.00 0.75 0.74 0.88
9.96 2.41 -57.35 1.28 0.87 0.82 0.68 0.94
4.76 -4.67 -96.54 1.09 0.83 0.74 0.11 0.55
-8.72 -4.98 -53.05 1.38 0.43 0.82 0.25 0.11
-3.50 4.56 -73.00 1.34 0.73 0.47 0.43 0.43
-6.87 4.59 -62.81 0.63 0.96 0.24 0.47 0.99
-9.40 -0.49 -51.27 2.57 0.02 0.95 0.66 0.68
7.44 3.34 -86.95 0.62 0.46 0.56 0.15 0.48
-2.12 -4.03 -39.78 2.04 0.64 0.81 0.75 0.52
1.47 2.52 -41.60 1.93 0.84 0.72 0.31 0.13
-8.55 -3.82 -47.33 2.07 0.62 0.09 0.53 0.45
7.77 4.79 -37.52 2.33 0.50 0.33 0.80 0.74
-3.19 1.15 -65.80 0.21 0.96 0.42 0.72 0.69
-8.98 -0.85 -61.70 2.46 0.24 0.65 0.19 0.48
9.47 -2.31 -98.85 1.62 0.34 0.91 0.71 0.58
0.00 20.00 -30.00 3.00 0.00 0.00 0.00 0.00
