7680 4320
70 1
0.24 3.68 -59.67 0.41 0.14 0.21 0.81 0.01
5.13 2.07 -36.06 2.41 0.01 0.98 0.21 0.67
5.95 1.34 -60.48 2.42 0.87 0.14 0.88 0.72
3.03 -3.60 -69.74 0.63 0.37 0.27 0.27 0.71
-6.52 2.93 -35.61 1.70 0.96 0.19 0.58 0.71
-1.60 -2.10 -41.50 1.65 0.76 0.61 0.88 0.51
2.56 -0.27 -36.18 2.46 0.54 0.52 0.32 0.45
7.83 0.89 -55.47 1.25 0.22 0.55 0.85 0.21
-3.02 2.72 -26.87 1.81 0.71 0.19 0.89 0.45
-8.15 -0.77 -68.60 0.98 0.53 0.73 0.88 0.12
-5.86 3.53 -97.60 1.48 0.90 0.31 0.17 0.67
6.17 1.37 -27.53 2.65 0.28 0.04 0.16 0.22
6.20 -1.85 -49.83 2.07 0.05 0.11 0.08 0.38
7.37 3.52 -58.87 2.34 0.07 0.96 0.95 0.17
-8.92 0.50 -58.81 2.05 0.42 0.74 0.78 0.47
-6.60 3.63 -23.60 1.10 0.45 0.33 0.85 0.93
-6.63 4.32 -54.99 0.26 0.93 0.87 0.09 0.67
6.13 0.31 -24.74 0.48 0.18 0.20 0.09 0.27
-5.07 0.19 -46.36 2.75 0.61 0.57 0.25 0.00
-6.70 -2.23 -81.11 1.02 0.14 0.69 0.93 0.19
6.89 -3.64 -55.86 1.63 0.31 0.48 0.72 0.79
6.46 -4.41 -84.27 0.81 0.90 0.81 0.08 0.56
-8.01 3.37 -32.80 1.08 0.08 0.80 0.83 0.31
-8.98 -1.25 -49.29 1.93 0.08 0.16 0.21 0.84
-3.23 -3.55 -32.71 0.18 0.30 0.15 0.05 0.72
-1.69 -1.24 -44.13 1.62 0.73 0.16 0.59 0.83
-8.64 -2.31 -27.51 0.16 0.44 0.53 0.06 0.42
3.39 1.14 -85.15 0.47 0.19 0.11 0.83 0.02
9.83 4.29 -55.11 0.48 0.86 0.14 0.27 0.68
1.85 -3.18 -80.88 2.81 0.53 0.95 0.68 0.44
6.34 -3.57 -87.44 1.86 0.69 0.50 0.73 0.65
1.55 0.51 -72.69 2.22 0.23 0.33 0.49 0.53
-6.83 -1.31 -51.01 1.77 0.75 0.83 0.88 0.03
-0.87 3.01 -24.56 0.06 0.80 0.39 0.68 0.87
-2.47 3.30 -23.16 1.87 0.04 0.80 0.98 0.89
4.09 -3.50 -38.48 2.28 0.91 0.72 0.35 0.41
9.10 0.49 -51.75 2.65 0.43 0.29 0.42 0.23
-6.20 -4.58 -81.66 1.41 0.94 0.58 0.10 0.38
-3.52 -3.12 -42.31 0.19 0.80 0.94 0.81 0.76
4.90 -3.52 -99.88 2.53 0.11 0.01 0.42 0.80
6.83 3.91 -64.30 0.04 0.80 0.24 0.96 0.00
7.17 -1.40 -69.69 1.93 0.99 0.93 0.72 0.39
3.27 1.40 -60.53 2.50 0.32 0.80 0.16 0.98
-0.01 -3.23 -64.78 2.89 0.55 0.11 0.37 0.57
4.55 -1.87 -44.37 1.06 0.36 0.70 0.44 0.65
7.45 -2.02 -40.47 2.60 0.93 0.00 0.02 0.42
-6.95 0.37 -55.89 1.24 0.75 0.91 0.95 0.30
-7.05 4.47 -30.13 1.87 0.36 0.90 0.57 0.76
-2.35 1.80 -48.08 1.13 0.20 0.77 0.14 0.56
-1.00 0.00 -39.07 0.96 0.31 0.52 0.92 0.91
-2.21 -3.11 -94.81 1.11 0.68 0.46 0.46 0.84
-2.46 3.70 -52.15 2.34 0.26 0.68 0.83 0.87
4.11 0.42 -66.37 0.64 0.29 0.67 0.31 0.08
5.22 4.73 -24.66 0.00 0.96 0.40 0.62 0.10
2.42 -2.24 -43.50 1.73 0.88 0.35 0.61 0.86
-6.38 -3.10 -36.11 0.22 0.54 0.58 0.23 0.79
-5.47 -1.08 -86.48 0.84 0.45 0.47 0.83 0.31
0.06 2.40 -65.00 0.35 0.96 0.01 0.70 0.06
-3.52 2.35 -25.98 0.78 0.89 0.74 0.80 0.01
-8.21 -1.48 -48.42 1.01 0.23 0.67 0.77 0.16
5.20 2.45 -95.86 0.32 0.82 0.48 0.60 0.05
3.10 0.60 -95.19 2.36 0.69 0.33 0.39 0.26
3.93 2.16 -69.78 1.22 0.76 0.78 0.50 0.10
8.53 4.98 -94.57 2.24 0.94 0.73 0.09 0.23
8.26 3.52 -61.44 2.15 0.33 0.61 0.41 0.70
3.87 0.95 -50.26 2.55 0.47 0.85 0.46 0.10
7.94 3.88 -66.51 2.10 0.13 0.88 0.91 0.97
-3.51 0.82 -57.10 1.79 0.27 0.54 0.20 0.72
-0.19 -0.45 -23.59 1.60 0.92 0.56 0.66 0.71
7.65 3.90 -44.44 2.25 0.69 0.53 0.27 0.75
0.00 20.00 -30.00 3.00 0.00 0.00 0.00 0.00
