1920 1080
30 1
-9.50 -4.15 -31.83 0.34 0.45 0.22 0.14 0.41
-9.32 0.12 -56.11 2.95 0.43 0.78 0.26 0.68
2.81 3.24 -29.26 2.50 0.56 0.77 0.80 0.27
-6.78 -1.51 -24.78 1.73 0.86 0.01 0.07 0.88
2.16 -1.42 -54.90 2.70 0.34 0.43 0.88 0.53
-1.71 2.20 -43.72 0.01 0.21 0.83 0.86 0.44
6.07 -0.28 -52.32 0.93 0.60 0.44 0.96 0.01
2.16 2.51 -80.26 1.69 0.15 0.15 0.75 0.17
7.86 3.75 -47.28 2.55 0.41 0.64 0.10 0.01
-3.25 -4.77 -42.78 2.31 0.00 0.35 0.60 0.77
-5.04 1.49 -70.16 0.88 0.36 0.75 0.16 0.04
-9.52 0.71 -76.85 2.95 0.29 0.83 0.54 0.28
0.25 -2.55 -45.50 1.35 0.52 0.34 0.79 0.96
8.92 1.24 -98.35 1.55 0.88 0.69 0.21 0.63
4.64 -3.58 -82.44 1.95 0.90 0.93 0.24 0.82
4.75 3.31 -99.66 1.38 0.08 0.10 0.87 0.13
-0.67 2.12 -27.60 1.38 0.79 0.44 0.30 0.98
8.11 0.15 -32.80 1.06 0.33 0.99 0.48 0.24
-9.89 1.43 -41.88 2.65 0.73 0.63 0.55 0.82
-3.82 -0.90 -30.25 1.93 0.97 0.66 0.30 0.94
-3.95 -0.20 -80.19 2.01 0.76 0.63 0.36 0.71
0.85 -4.97 -28.96 0.16 0.70 0.12 0.52 0.45
-1.41 -3.81 -73.84 1.69 0.21 0.31 0.61 0.69
-0.62 -3.16 -38.51 1.26 0.31 0.52 0.85 0.33
8.10 0.87 -82.26 1.86 0.11 0.17 0.45 0.52
9.26 -4.06 -85.79 0.79 0.73 0.40 0.87 0.97
-8.33 -2.65 -63.97 1.74 0.07 0.36 0.46 0.54
-7.43 0.55 -96.13 0.42 0.17 0.30 0.57 0.10
2.21 0.59 -84.08 1.85 0.07 0.85 0.90 0.72
9.39 4.30 -42.12 2.16 0.24 0.01 0.34 0.10
0.00 20.00 -30.00 3.00 0.00 0.00 0.00 0.00
