1920 1080
100 1
6.78 2.07 -33.59 2.89 0.66 0.67 0.45 0.61
-6.96 -3.30 -49.90 2.12 0.63 0.68 0.59 0.36
5.42 -2.10 -95.59 2.13 0.11 0.24 0.56 0.53
0.66 3.20 -23.89 3.00 0.45 0.43 0.75 0.29
5.36 -2.43 -34.01 0.32 0.61 0.57 0.39 0.83
-5.42 4.37 -74.57 0.08 0.62 0.58 0.93 0.64
-1.64 4.34 -40.25 1.01 0.55 0.15 0.27 0.75
8.19 4.82 -67.77 1.29 0.65 0.01 0.69 0.27
8.07 -4.47 -36.04 0.29 0.50 0.15 0.92 0.49
0.96 -3.82 -40.64 1.07 0.31 0.94 0.23 0.58
5.21 3.08 -63.78 2.60 0.79 0.49 0.59 0.28
-0.46 2.04 -53.32 1.28 0.18 0.59 0.59 0.19
2.79 4.19 -97.74 1.37 0.59 0.66 0.00 0.59
9.52 -4.13 -38.32 1.44 0.49 0.84 0.71 0.49
-7.07 1.74 -68.03 0.83 0.93 0.83 0.07 0.21
-3.00 -1.70 -20.64 0.46 0.19 0.64 0.65 0.80
-8.08 1.86 -62.86 2.05 0.30 0.29 0.62 0.51
3.40 3.16 -79.72 0.87 0.96 0.68 1.00 0.47
5.91 -2.49 -77.96 1.78 0.91 0.53 0.71 0.28
7.13 -4.13 -41.27 0.32 0.15 0.95 0.79 0.85
8.52 4.60 -73.00 2.84 0.45 0.25 0.40 0.60
-8.48 -1.39 -80.33 1.28 0.57 0.82 0.29 0.67
7.37 -0.79 -72.36 2.83 0.16 0.88 0.39 0.29
-9.70 -2.45 -95.46 2.94 0.83 0.44 0.48 0.84
2.52 -2.08 -92.83 1.51 0.74 0.78 0.88 0.95
5.70 1.30 -52.18 0.63 0.59 0.99 0.70 0.11
-3.58 1.35 -79.83 1.10 0.95 0.45 0.63 0.88
7.56 -2.13 -45.31 0.76 0.72 0.12 0.83 0.33
1.43 -0.01 -44.18 0.54 0.16 0.79 0.35 0.97
9.94 -1.84 -76.64 1.20 0.93 0.57 0.31 0.77
-8.81 -1.91 -46.26 1.39 0.30 0.38 0.37 0.88
8.77 3.57 -62.84 0.30 0.63 0.00 0.87 0.07
-5.70 2.25 -42.59 0.82 0.21 0.71 0.27 0.71
4.65 1.16 -59.98 2.54 0.28 0.87 0.88 0.62
-7.63 -4.02 -25.93 0.97 0.28 0.83 0.85 0.79
6.37 3.08 -87.13 0.49 0.83 0.46 0.78 0.93
6.09 4.64 -59.37 0.03 0.22 0.03 0.72 0.67
-0.15 -4.58 -57.66 1.69 0.46 0.81 0.16 0.72
-0.16 -0.60 -65.76 0.92 0.48 0.35 0.25 0.89
6.62 3.49 -77.74 0.12 0.74 0.71 0.04 0.99
0.57 3.83 -90.17 1.58 0.84 0.74 0.15 0.98
5.67 -3.94 -35.57 2.50 0.64 0.56 0.77 0.27
0.29 -1.82 -25.69 1.33 0.92 0.68 0.20 0.32
-1.80 1.14 -70.58 2.32 0.84 0.34 0.75 0.49
2.19 2.51 -21.71 1.83 0.30 0.36 0.68 0.34
-1.79 1.98 -35.35 0.79 0.44 0.72 0.53 0.97
-1.40 -4.19 -25.07 1.10 0.63 0.21 0.60 0.34
0.21 2.79 -21.60 1.11 0.93 0.58 0.16 0.37
3.57 -0.47 -54.03 0.25 0.79 0.91 0.88 0.77
-0.28 -1.70 -52.25 2.70 0.83 0.83 0.03 0.85
5.11 1.28 -33.27 1.79 0.82 0.25 0.87 0.49
-5.25 4.53 -50.66 2.48 0.25 0.41 0.51 0.96
-1.60 2.85 -65.74 0.47 0.76 0.48 0.31 0.02
-1.85 -3.31 -52.82 0.72 0.85 0.22 0.62 0.46
-1.31 3.67 -50.98 2.20 0.78 0.26 0.71 0.92
6.88 0.82 -43.64 2.94 0.05 0.84 0.36 0.02
8.78 -0.48 -62.09 2.89 0.10 0.92 0.02 0.22
6.95 -1.26 -93.77 1.00 0.64 0.23 0.48 0.20
-3.04 1.61 -38.81 2.39 0.70 0.51 0.78 0.03
-6.02 1.38 -41.96 2.02 0.45 0.81 0.33 0.19
7.49 2.41 -92.50 0.33 0.31 0.37 0.57 0.64
-6.59 3.65 -53.62 2.03 0.18 0.52 0.48 0.21
-9.36 -4.07 -98.39 2.63 0.62 0.46 0.73 0.36
4.70 -4.04 -79.91 1.65 0.41 0.69 0.77 0.15
-6.99 1.45 -77.09 1.88 0.14 0.91 0.05 0.35
-7.67 0.75 -45.54 0.92 0.07 0.13 0.58 0.73
4.58 3.50 -43.32 1.23 0.09 0.06 0.48 0.34
2.37 3.77 -71.64 0.41 0.85 0.52 0.50 0.54
7.22 -2.34 -65.09 2.28 0.12 0.14 0.65 0.09
-1.28 -0.62 -84.30 1.55 0.36 0.77 0.61 0.11
8.65 3.51 -68.31 0.84 0.15 0.58 0.93 0.26
-3.44 -4.84 -49.73 0.10 0.11 0.05 0.22 0.30
8.24 -0.03 -96.97 0.72 0.79 0.34 0.38 0.76
-1.09 4.84 -54.69 2.07 0.19 0.74 0.81 0.26
4.90 3.28 -54.68 2.17 0.58 0.97 0.63 0.58
-5.72 2.90 -72.43 2.21 0.21 0.04 0.71 0.71
5.85 2.40 -55.86 2.62 0.36 0.05 0.76 0.03
-1.98 3.26 -65.64 0.38 0.11 0.50 0.13 0.32
4.99 4.53 -25.90 2.67 0.06 0.12 0.48 0.61
6.68 2.28 -96.73 0.49 0.86 0.82 0.37 0.10
-3.13 0.82 -81.97 2.40 0.60 0.98 0.72 0.04
-4.29 0.24 -88.05 0.92 0.90 0.24 0.11 0.09
3.43 2.53 -83.51 0.62 0.76 0.24 0.75 0.39
9.69 -1.01 -77.89 0.20 0.56 0.85 0.80 0.42
-5.66 3.90 -82.66 1.26 0.06 0.67 0.22 0.81
-2.17 -2.48 -33.38 2.28 0.29 0.01 0.75 0.75
8.84 -1.58 -66.77 2.99 0.14 0.45 0.25 0.54
4.62 1.15 -25.46 2.32 0.69 0.59 0.30 0.24
6.85 -4.72 -54.08 2.35 0.30 0.16 0.79 0.30
-1.14 -3.95 -60.88 2.81 0.14 0.54 0.39 0.52
4.91 3.35 -25.44 2.33 0.09 0.81 0.60 0.57
-6.74 2.83 -91.39 2.02 0.93 0.46 0.51 0.68
0.62 -3.69 -88.01 0.88 0.35 0.85 0.69 0.21
-7.76 -3.30 -54.48 1.00 0.17 0.97 0.14 0.60
3.44 -3.59 -94.24 2.60 0.59 0.36 0.10 0.40
-4.93 4.31 -78.32 2.52 0.22 0.53 0.68 0.05
4.03 -4.53 -25.29 1.58 0.93 0.13 0.77 0.72
-4.44 1.50 -79.55 2.29 0.69 0.53 0.63 0.73
9.33 -4.71 -29.80 2.26 0.59 0.22 0.10 0.66
-2.20 0.10 -99.15 0.05 0.17 0.38 0.93 0.65
0.00 20.00 -30.00 3.00 0.00 0.00 0.00 0.00
