1366 768
40 1
1.63 -3.14 -33.22 2.36 0.15 0.55 0.66 0.66
4.69 1.66 -79.89 0.03 0.46 0.10 0.74 0.99
5.13 0.58 -68.52 0.15 0.06 0.02 0.74 0.17
5.78 4.32 -76.49 1.11 0.77 0.51 0.91 0.06
-3.74 -1.82 -65.11 1.79 0.45 0.42 0.05 0.56
-1.23 1.64 -64.95 0.24 0.95 0.89 0.45 0.17
-0.98 4.50 -70.43 0.62 0.75 0.04 0.63 0.60
-3.93 -4.94 -66.27 0.19 0.95 0.10 0.91 0.10
-0.93 4.20 -77.14 1.44 0.45 0.49 0.50 0.72
0.37 0.86 -50.40 0.51 0.80 0.45 0.51 1.00
-5.78 1.15 -26.58 2.24 0.43 0.90 0.52 0.11
-8.10 1.82 -81.35 0.36 0.15 0.60 0.73 0.06
5.34 -4.24 -86.30 2.45 0.42 0.76 0.51 0.46
-4.42 2.61 -94.79 1.79 0.67 0.65 0.36 0.92
-0.55 1.27 -97.73 0.37 0.34 0.42 0.51 0.83
-5.37 2.73 -90.03 2.89 0.94 0.85 0.78 0.92
-1.01 3.85 -24.21 1.17 0.93 0.82 0.60 0.71
0.75 3.24 -65.62 1.33 0.46 0.03 0.50 0.21
1.73 -2.70 -27.25 0.46 0.68 0.87 0.35 0.70
9.56 2.91 -20.74 2.23 0.65 0.00 0.73 0.71
-6.63 -3.60 -64.14 1.98 0.92 0.57 0.30 0.78
-9.07 0.70 -45.41 0.76 0.99 0.27 0.13 0.48
7.23 -1.59 -86.17 1.81 0.76 0.17 0.86 0.47
-0.19 1.03 -70.23 0.20 0.42 0.05 0.46 0.48
-1.38 -3.35 -92.46 0.52 0.24 0.40 0.61 0.81
6.28 -0.66 -77.14 2.54 0.17 0.19 0.46 0.42
1.43 -0.91 -56.61 1.75 0.37 0.50 0.62 0.65
2.63 1.64 -65.86 0.47 0.78 0.92 0.95 0.17
-1.53 -0.44 -26.12 1.55 0.56 0.93 0.88 0.35
6.55 0.55 -95.34 2.58 0.81 0.05 0.60 0.92
-3.86 -1.18 -90.28 2.13 0.17 0.05 0.92 0.13
0.82 -0.31 -82.81 1.20 0.61 0.83 0.78 0.35
7.50 0.81 -81.79 1.19 0.62 0.29 0.98 0.82
1.73 3.00 -63.67 0.64 0.47 0.33 0.41 0.49
-1.85 -3.47 -37.26 0.52 0.93 0.85 0.53 0.27
8.44 1.74 -26.07 1.55 0.53 0.04 0.78 0.67
-2.82 4.39 -81.97 1.59 0.50 0.41 0.14 0.79
7.74 3.63 -68.48 0.42 0.81 0.21 0.81 0.29
-8.18 1.10 -69.74 2.70 0.92 0.51 0.76 0.90
7.29 0.29 -84.24 2.82 0.15 0.22 0.24 0.42
0.00 20.00 -30.00 3.00 0.00 0.00 0.00 0.00
