7680 4320
100 1
-6.96 3.94 -80.03 1.03 0.45 0.61 0.81 0.72
3.68 -2.55 -68.91 1.22 0.86 0.54 0.86 0.20
-5.87 0.70 -67.57 2.52 0.23 0.51 0.06 0.65
8.20 -4.15 -64.64 2.89 0.10 0.26 0.97 0.33
-1.72 4.67 -22.47 0.39 0.51 0.55 0.90 0.36
2.74 -1.34 -45.78 0.87 0.32 0.34 0.36 0.35
-0.10 2.86 -41.83 2.55 0.23 0.49 0.52 0.22
5.23 0.38 -57.47 1.07 0.27 0.82 0.95 0.48
2.15 -0.34 -34.91 1.77 0.36 0.28 0.12 0.94
9.63 -2.95 -38.86 2.69 0.27 0.48 0.51 0.06
2.74 -1.61 -91.31 0.50 0.47 0.50 0.88 0.60
-7.19 -1.30 -97.35 2.67 0.26 0.30 0.88 0.36
1.28 0.28 -66.91 1.54 0.75 0.09 0.20 0.45
-5.35 -1.83 -20.71 0.82 0.15 0.22 0.49 0.54
4.61 4.05 -21.66 1.74 0.27 0.88 0.69 0.77
-9.66 -4.65 -77.45 1.66 0.57 0.86 0.97 0.38
3.85 -0.26 -25.42 0.67 0.13 0.39 0.09 0.06
-7.29 4.67 -73.96 0.27 0.95 0.43 0.21 0.47
-5.30 3.24 -52.70 1.40 0.14 0.19 0.90 0.36
5.08 -0.02 -82.35 1.00 0.02 0.07 0.43 0.49
6.14 -2.71 -56.69 0.96 0.28 0.37 0.21 0.84
-5.10 3.83 -22.26 2.07 0.02 0.96 0.51 0.06
3.37 2.93 -25.85 2.34 0.69 0.93 0.29 0.67
6.81 -4.73 -31.63 0.80 0.41 0.44 0.14 0.62
9.56 -3.58 -83.35 0.43 0.97 0.44 0.46 0.21
-5.35 1.69 -82.36 0.98 0.23 0.60 0.84 0.97
4.10 -2.75 -93.59 1.09 0.22 0.37 0.22 0.52
3.58 0.43 -93.57 2.86 0.71 0.05 0.15 0.02
-8.23 -3.66 -44.58 1.06 0.03 0.50 0.63 0.42
6.49 -0.63 -86.93 2.16 0.36 0.80 0.85 0.96
8.83 1.56 -62.59 0.75 0.87 0.34 0.07 0.65
-4.70 -1.04 -79.14 0.74 0.83 0.34 0.58 0.71
6.54 1.46 -28.97 1.58 0.33 0.77 0.19 0.84
-4.73 -4.85 -90.73 1.76 0.32 0.43 0.67 0.09
-6.55 2.20 -93.26 1.62 0.66 0.87 0.21 0.30
8.25 -1.99 -55.60 1.61 0.82 0.19 0.86 0.23
3.14 0.13 -21.72 2.26 0.90 0.34 0.52 0.73
4.03 -4.31 -93.07 2.21 0.09 0.16 0.17 0.59
9.18 -1.42 -66.30 2.79 0.16 0.26 0.81 0.94
6.87 0.73 -21.81 0.46 0.43 0.99 0.68 0.44
-3.97 -4.86 -21.63 2.64 0.60 0.35 0.71 0.36
0.16 -4.00 -85.74 1.40 0.31 0.24 0.90 0.72
8.31 -4.09 -98.35 1.32 0.69 0.95 0.99 0.64
3.87 -1.31 -48.82 0.66 0.29 0.82 0.05 0.46
-9.83 -3.47 -22.55 1.45 0.98 0.13 0.44 0.54
5.41 -4.37 -42.59 2.87 0.35 0.68 0.96 0.12
-6.50 -0.53 -96.06 1.25 0.53 0.94 0.35 0.31
-1.94 3.68 -39.91 2.45 0.17 0.64 0.13 0.54
-8.29 -4.33 -52.97 2.57 0.95 0.63 0.68 0.13
-0.41 -4.32 -91.42 1.59 0.40 0.95 0.35 0.80
-9.08 4.28 -87.33 2.30 0.66 0.33 0.79 0.34
-2.74 -0.32 -96.87 2.90 0.62 0.34 0.34 0.71
-4.45 4.54 -95.90 0.08 0.30 0.35 0.03 0.91
5.54 4.81 -90.42 1.53 0.90 0.45 0.54 0.27
-2.05 2.61 -70.45 0.16 0.57 0.53 0.59 0.72
-5.84 3.50 -26.49 0.76 0.13 0.44 0.51 0.89
8.19 -4.48 -60.54 2.95 0.98 0.90 0.15 0.50
1.55 0.06 -83.12 0.43 0.38 0.13 0.59 0.62
-0.65 0.66 -41.46 2.97 0.90 0.87 0.28 0.69
-7.39 -1.23 -63.73 2.08 0.61 0.46 0.76 0.37
2.32 1.27 -37.44 0.34 0.91 0.66 0.46 0.80
3.73 1.47 -81.36 0.35 0.32 0.67 0.11 0.14
3.92 -3.64 -54.41 0.80 0.20 0.61 0.66 0.36
-7.98 4.80 -36.20 0.05 0.81 0.27 0.59 0.59
1.74 4.26 -80.01 1.13 0.34 0.41 0.07 0.93
1.75 -4.97 -45.02 1.19 0.39 0.50 0.60 0.37
-6.82 -2.41 -58.74 0.72 0.37 0.33 0.09 0.94
-9.47 4.74 -46.03 1.94 0.17 0.50 0.94 0.46
5.85 -2.48 -20.18 1.43 0.93 0.55 0.02 0.15
-8.84 0.89 -44.70 2.54 0.59 0.75 0.73 0.23
8.44 -3.54 -45.22 1.86 0.32 0.99 0.97 0.90
-9.55 -3.01 -69.10 2.83 1.00 0.63 0.97 0.91
3.84 2.05 -45.06 2.20 0.43 0.11 0.40 0.51
-3.16 -2.82 -84.27 1.51 0.35 0.75 0.93 0.46
7.46 3.79 -71.00 0.42 0.64 0.88 0.72 0.04
7.31 4.58 -83.47 0.64 0.58 0.74 0.95 0.12
-3.09 2.83 -89.15 2.38 0.48 0.25 0.49 0.73
-5.67 2.09 -72.77 1.26 0.78 0.17 0.54 0.54
3.21 -4.84 -51.68 0.49 0.75 0.45 0.88 0.46
7.27 -0.07 -59.92 2.29 0.21 0.95 0.51 0.75
0.24 2.98 -90.02 1.39 0.99 0.44 0.33 0.24
6.52 4.46 -71.78 0.96 0.62 0.18 0.12 0.35
0.49 1.02 -90.52 0.21 0.03 0.86 0.68 0.40
7.94 -3.70 -70.34 0.19 0.26 0.39 0.27 0.83
5.12 1.10 -62.06 1.92 0.70 0.53 0.58 0.54
-3.93 -2.91 -89.15 2.08 0.05 0.11 0.11 0.79
8.53 -1.95 -50.82 1.22 0.35 0.84 0.18 0.61
-3.70 3.28 -99.18 0.36 0.23 0.39 0.17 0.67
-5.01 -4.16 -85.09 2.91 0.24 0.24 0.20 0.47
0.33 3.25 -86.73 0.17 0.93 0.58 0.46 0.32
-7.40 -3.14 -61.95 2.94 0.38 0.34 0.65 0.47
8.49 0.15 -48.49 0.02 0.02 0.42 0.99 0.86
8.99 -3.70 -90.37 1.42 0.23 0.86 0.39 0.55
-5.67 2.09 -89.11 0.18 0.65 0.16 0.07 0.97
-9.89 1.77 -71.85 1.07 0.08 0.62 0.22 0.10
-0.09 1.47 -55.20 2.63 0.05 0.78 0.69 0.17
-8.78 -0.50 -93.55 1.17 0.71 0.67 0.13 0.45
-9.41 4.90 -79.48 2.66 0.91 0.24 0.26 0.30
9.69 -2.22 -23.57 1.39 0.98 0.19 0.81 0.49
2.38 3.26 -47.47 2.44 0.69 0.45 0.97 0.41
0.00 20.00 -30.00 3.00 0.00 0.00 0.00 0.00
