7680 4320
70 1
1.32 -1.41 -66.80 1.43 0.42 0.21 0.80 0.29
1.90 1.97 -69.22 0.60 0.04 0.96 0.33 0.93
-5.61 -2.02 -87.37 2.16 0.41 0.14 0.15 0.55
-2.88 -2.69 -40.98 0.32 0.21 0.45 0.66 0.47
-1.62 1.27 -56.71 1.95 0.99 0.27 0.69 0.39
-7.23 0.48 -61.64 1.27 0.61 0.72 0.38 0.44
-6.06 3.53 -66.05 2.11 0.32 0.14 0.79 0.73
-8.50 -0.10 -97.08 1.10 0.28 0.03 0.54 0.07
-3.57 2.45 -38.05 1.36 0.16 0.63 0.00 0.18
6.21 -4.46 -61.85 1.50 0.78 0.12 0.87 0.81
2.16 0.53 -92.48 1.96 0.24 0.91 0.51 0.68
-1.90 -2.92 -47.06 2.50 0.23 0.98 0.76 0.91
1.88 0.74 -33.15 2.43 0.13 0.02 0.88 0.83
-1.57 -3.97 -28.01 2.27 0.01 0.84 0.24 0.77
1.73 1.23 -92.97 1.63 0.07 0.16 0.36 0.45
7.28 0.15 -45.45 2.38 0.92 0.33 0.06 0.75
1.24 1.49 -84.47 1.13 0.88 0.89 0.41 0.29
-2.36 -3.29 -55.27 0.16 0.59 0.19 0.42 1.00
3.53 -1.40 -27.42 2.53 0.95 0.25 0.65 0.64
0.43 -4.17 -77.25 2.99 0.95 0.86 0.65 0.09
-2.84 1.45 -40.53 2.59 0.13 0.95 0.88 0.69
0.10 1.84 -65.71 1.12 0.91 0.74 0.87 0.05
-7.29 -4.18 -53.40 0.41 0.21 0.92 0.17 0.38
-0.98 -1.52 -43.30 1.38 0.76 0.68 0.02 0.01
-0.60 -0.85 -66.15 1.14 0.49 0.53 0.42 0.70
1.40 -1.06 -56.33 2.43 0.27 0.08 0.01 0.11
-8.78 4.52 -61.41 0.46 0.03 0.18 0.13 0.60
-5.65 3.97 -25.07 2.07 0.44 0.80 0.04 0.75
-2.66 4.90 -58.10 1.21 0.35 0.42 0.30 0.82
7.88 -4.31 -56.24 0.96 0.40 0.44 0.99 0.92
6.73 3.87 -98.35 1.37 0.95 0.37 0.83 0.88
-4.43 -0.47 -34.42 0.75 0.83 0.80 0.81 0.25
8.31 -2.43 -58.32 2.44 0.39 0.24 0.77 0.20
-2.54 3.22 -42.08 0.49 0.03 0.46 0.05 0.83
9.83 2.04 -34.70 1.94 0.61 0.31 0.14 0.82
7.70 2.73 -50.25 2.50 0.75 0.48 0.91 0.12
-8.88 -4.10 -24.65 0.35 0.60 0.79 0.31 0.86
6.06 4.39 -85.57 0.13 0.25 0.96 0.49 0.63
4.47 4.30 -96.03 1.28 0.76 0.95 0.26 0.89
3.84 -2.17 -99.52 0.14 0.83 0.63 0.37 0.53
5.46 -1.31 -46.37 2.12 0.28 0.11 0.25 0.04
6.46 -0.56 -32.54 0.28 0.47 0.26 0.35 0.02
-1.99 1.04 -55.79 0.07 0.54 0.10 0.19 0.12
-1.58 3.78 -48.30 1.90 0.79 0.40 0.11 0.10
2.33 -4.76 -58.67 2.72 0.40 0.30 0.01 0.39
5.98 3.42 -48.64 0.49 0.20 1.00 0.75 0.68
-2.73 -1.48 -76.79 0.25 0.90 0.69 0.65 0.06
7.83 -3.01 -61.16 2.33 0.51 0.98 0.07 0.93
-7.66 -1.58 -65.44 2.32 0.54 0.03 0.08 0.37
7.86 1.70 -46.01 2.46 0.43 0.44 0.13 0.43
-3.31 -3.42 -43.43 1.98 0.90 0.72 0.79 0.67
7.89 -1.47 -47.81 0.53 0.72 0.73 0.32 0.35
6.16 3.97 -96.72 2.21 0.36 0.58 0.90 0.75
-8.46 -1.81 -53.82 1.20 0.14 0.55 0.50 0.25
3.53 2.99 -93.65 2.46 0.33 0.05 0.81 0.76
5.49 -3.30 -47.21 1.59 0.77 0.84 0.87 0.25
6.40 0.73 -49.71 2.68 0.63 0.79 0.84 0.44
2.94 -0.23 -96.51 0.68 0.78 0.60 0.58 0.43
9.00 -3.31 -37.13 2.29 0.04 0.03 0.75 0.39
-2.96 3.15 -24.03 0.81 0.48 0.06 0.18 0.57
-5.19 -4.03 -43.93 0.83 0.37 0.51 0.10 0.27
-5.89 -3.30 -46.99 1.21 0.37 0.98 0.94 0.97
3.63 0.83 -78.06 0.10 0.99 0.27 0.30 0.30
-1.57 4.29 -74.83 2.57 0.63 0.28 0.53 0.54
-9.44 -1.58 -94.51 1.38 0.95 0.21 0.08 0.90
-4.04 4.65 -62.63 2.22 0.02 0.48 0.66 0.81
7.77 2.76 -33.59 1.30 0.67 0.04 0.38 0.54
-0.24 3.77 -39.22 1.73 0.80 0.59 0.23 0.85
-5.06 3.92 -84.53 1.41 0.22 0.91 0.69 0.60
1.08 -2.68 -94.26 1.37 0.96 0.60 0.95 0.63
0.00 20.00 -30.00 3.00 0.00 0.00 0.00 0.00
