7680 4320
50 1
6.72 0.05 -20.41 1.21 0.18 0.54 0.66 0.46
0.05 -1.16 -65.58 2.91 0.39 0.84 0.64 0.88
-8.15 -3.51 -23.53 2.84 0.30 0.31 0.47 0.15
-9.14 4.50 -90.12 0.55 0.10 0.97 0.86 0.70
-6.33 3.64 -85.29 0.69 0.04 0.69 0.95 0.93
3.44 -0.87 -59.52 1.33 0.94 0.40 0.33 0.24
9.72 3.09 -97.19 2.19 0.20 0.97 0.85 0.72
-3.20 -0.81 -45.05 1.93 0.96 0.71 0.84 0.56
2.48 2.19 -40.29 1.37 0.87 0.32 0.21 0.47
6.62 -2.50 -78.99 0.82 0.34 0.80 0.19 0.31
4.12 3.32 -78.82 2.17 0.92 0.18 0.74 0.29
-5.85 -1.42 -45.71 0.19 0.87 0.42 0.88 0.68
8.96 3.18 -36.44 0.21 0.28 0.29 0.10 0.62
-6.81 -0.68 -95.39 2.26 0.59 0.46 0.79 0.47
-6.41 -0.68 -74.34 0.10 0.45 0.26 0.67 0.19
0.25 -4.21 -63.82 0.10 0.26 0.52 0.85 0.24
4.76 -3.66 -72.98 0.41 0.43 0.24 0.63 0.91
-4.12 -3.34 -99.71 2.44 0.74 0.77 0.82 0.21
2.65 -1.19 -34.71 1.42 0.63 0.61 0.53 0.22
-3.73 1.95 -88.15 1.23 0.26 0.67 0.64 0.65
-0.02 -3.78 -37.97 2.18 0.51 0.43 0.73 0.47
2.69 -2.29 -96.56 1.54 0.12 0.26 0.40 0.14
-1.07 -1.13 -93.70 0.39 0.85 0.93 0.69 0.17
-5.97 -3.77 -64.33 2.24 0.17 0.51 0.55 0.86
1.62 -4.51 -33.27 1.95 0.81 0.29 0.79 0.90
-4.63 1.61 -45.84 1.29 0.06 0.95 0.75 0.18
-9.59 2.72 -70.80 0.84 0.47 0.86 0.16 0.94
8.76 1.43 -51.94 2.95 0.64 0.07 0.54 0.02
-4.64 -1.02 -65.69 2.01 0.59 0.49 0.10 0.88
5.77 0.29 -34.42 1.42 0.04 0.87 0.24 0.35
6.03 1.83 -82.02 2.29 0.50 0.21 0.87 0.07
-5.51 -2.01 -46.85 2.83 0.68 0.52 0.79 0.17
-9.69 0.25 -21.11 1.35 0.59 0.01 0.91 0.44
2.54 -4.00 -76.72 1.60 0.51 0.59 0.09 0.67
-1.98 -1.89 -81.52 0.47 0.54 0.49 0.24 0.71
-1.18 3.59 -39.22 1.47 0.86 0.30 0.94 0.65
-0.21 4.52 -83.54 0.63 0.25 0.11 0.80 0.24
0.34 0.49 -48.06 1.38 0.91 0.00 0.05 0.60
-1.61 3.53 -87.17 0.88 0.52 0.16 0.36 0.84
-3.64 -3.74 -55.86 2.62 0.98 0.71 0.56 0.80
-9.16 -3.54 -51.45 1.04 0.98 0.22 0.03 0.87
5.01 -2.44 -88.94 1.07 0.71 0.16 0.10 0.78
-2.29 2.21 -94.79 0.15 0.74 0.53 0.46 0.11
-5.63 4.16 -43.07 1.09 0.16 0.03 0.78 0.37
-0.87 2.69 -65.54 2.59 0.85 0.73 0.84 0.29
6.30 -1.42 -41.08 0.66 0.18 0.47 0.12 0.03
-8.38 -1.93 -90.22 1.35 0.22 0.91 0.19 0.97
-7.87 -2.35 -44.94 0.26 0.72 0.69 0.04 0.39
2.66 -1.26 -69.38 1.96 0.37 0.04 0.89 0.41
-1.85 2.12 -24.10 2.55 0.07 0.87 0.76 0.74
0.00 20.00 -30.00 3.00 0.00 0.00 0.00 0.00
